
68 543 787 930 184 558 251 359 610 988 1000 717 801 664 993 275 545 807 220 727 942 708 919 245 98 592 141 290 239 938 685 87 855 726 972 903 749 327 814 472 295 112 305 718 952 974 967 970 282 55 52 247 836 368 258 652 869 918 743 216 332 381 407 160 565 308 354 82 645 512 940 382 430 339 567 559 640 167 710 921 318 756 591 987 448 58 845 49 713 103 161 904 280 694 696 798 309 243 229 476
201 572 660 800 295 9 175 343 347 693 294 165 141 32 316 639 198 768 629 107 240 723 278 462 236 57 680 496 451 280 366 519 791 328 608 827 476 872 429 822 326 652 259 100 518 707 35 706 981 333 2 637 975 997 162 411 585 220 925 122 207 77 330 753 893 570 994 899 481 926 895 31 221 786 894 500 546 732 999 234 928 386 157 487 267 314 20 419 844 884 890 248 101 593 667 796 420 728 513 729
586 100 314 37 913 269 859 172 214 243 221 194 943 960 78 844 5 394 53 550 652 543 361 851 830 988 454 327 951 233 32 897 928 311 909 569 343 662 157 478 508 873 865 838 247 278 303 491 862 460 8 385 990 729 1000 279 520 501 548 264 915 98 507 141 895 261 133 287 310 503 556 691 925 55 984 220 966 427 213 106 125 158 616 676 724 840 251 85 874 995 848 97 794 935 145 635 46 316 242 477
760 90 673 813 935 586 645 615 895 184 870 851 121 954 198 119 563 686 682 799 612 506 930 498 381 759 600 14 746 775 455 781 402 352 525 407 690 99 182 555 696 611 835 338 270 697 452 837 810 245 273 234 815 472 502 224 290 911 1000 254 295 551 231 855 827 499 807 8 579 629 500 373 249 912 597 693 207 741 369 927 606 721 453 736 388 982 158 676 440 965 228 846 497 910 569 37 244 469 787 749
337 127 92 878 561 647 153 957 885 716 177 318 988 334 913 356 59 655 850 311 418 821 72 623 460 16 125 497 833 295 299 380 625 91 176 941 548 268 970 114 267 774 75 103 116 644 151 622 283 920 452 523 405 493 982 183 725 386 773 760 144 669 813 874 332 349 426 324 865 468 149 686 436 701 704 464 996 712 63 338 537 945 238 876 992 946 124 7 90 925 453 651 534 995 192 74 973 35 79 138
714 445 450 145 754 308 614 911 882 598 87 273 924 791 406 490 888 275 76 997 606 536 582 763 780 21 542 271 846 677 975 152 274 399 988 554 779 749 262 994 567 394 119 852 769 78 955 695 110 941 130 314 491 557 277 125 149 215 992 798 51 429 977 456 328 353 995 58 217 357 934 88 202 940 375 788 953 106 339 240 472 331 251 17 266 549 814 678 801 207 187 851 561 746 976 441 159 65 370 386
546 839 899 431 513 254 856 948 500 328 620 561 884 537 39 471 218 104 862 973 714 938 389 534 320 621 945 288 833 589 331 370 202 640 901 16 204 702 941 825 324 939 903 688 87 943 829 186 89 730 960 781 2 483 782 550 444 802 342 502 720 133 50 365 156 711 151 837 568 670 718 651 496 864 571 362 971 206 683 446 624 863 384 811 494 306 3 671 965 796 674 607 94 797 989 757 322 308 295 652
895 490 553 949 678 60 219 719 224 563 712 601 291 545 818 439 105 67 470 122 92 212 797 875 14 629 685 148 693 195 694 64 18 815 568 499 512 863 775 241 656 786 365 407 290 252 590 734 267 103 556 914 592 900 23 611 739 805 578 817 625 432 883 710 866 151 32 664 782 682 951 829 102 726 76 566 717 46 464 263 981 906 223 78 507 62 423 316 93 473 192 88 740 901 150 827 593 435 582 28
107 262 380 87 150 9 386 831 935 569 607 151 64 898 964 468 667 817 1000 331 405 472 610 654 152 743 830 695 195 997 92 372 618 41 755 260 346 314 320 845 659 873 295 395 307 32 825 877 119 73 306 902 361 681 141 932 89 65 223 356 636 568 960 849 790 270 928 848 476 841 859 673 217 297 387 603 554 855 353 494 718 366 628 686 345 919 39 367 399 714 47 332 764 362 557 350 408 322 415 85
915 104 153 812 130 207 217 57 154 542 276 233 37 869 675 957 956 638 4 288 658 138 163 361 877 341 860 381 430 118 397 969 312 409 400 511 546 983 247 569 189 290 122 689 135 158 872 614 903 363 90 886 222 832 540 714 280 339 604 39 431 462 876 808 171 834 852 156 19 198 785 576 1000 396 435 856 22 438 297 43 941 608 766 736 321 517 224 803 278 293 296 106 674 561 192 572 421 809 780 566

